 set term postscript eps enhanced color
 set output '12C_on_28Si.eps'
 set title 'Differential cross section'
 set xlabel '{/Symbol q}_{cm} (degree)'
 set ylabel '(d{/Symbol s} / d{/Symbol W}) / (d{/Symbol s}_c / d{/Symbol W})'
 set label '^{12}C + ^{28}Si' at 20, 0.7
 set label 'E_{lab} = 131.5 MeV' at 20,0.2
 unset key
 set size 0.8, 0.8
 set logscale y
 set xrange[0:50]
 set yrange[0.000001:2]
 set format y "10^{%L}"
 set size ratio 1.5
 plot 'experiment.dat'using 1:2:($2*$3/100.0) \
  with yerrorbars 12,'-' with line 1
    0.200   0.99923345
    0.400   0.99752190
    0.600   1.00580637
    0.800   0.99765813
    1.000   0.98455914
    1.200   1.00644336
    1.400   1.02897546
    1.600   1.02037459
    1.800   0.98981880
    2.000   0.96340760
    2.200   0.95664683
    2.400   0.96790323
    2.600   0.98637781
    2.800   1.00220999
    3.000   1.01187046
    3.200   1.01808139
    3.400   1.02655644
    3.600   1.04223978
    3.800   1.06679328
    4.000   1.09791476
    4.200   1.13021108
    4.400   1.15693966
    4.600   1.17189089
    4.800   1.17086418
    5.000   1.15245172
    5.200   1.11808873
    5.400   1.07150606
    5.600   1.01781436
    5.800   0.96246870
    6.000   0.91032798
    6.200   0.86495821
    6.400   0.82825423
    6.600   0.80038557
    6.800   0.78001884
    7.000   0.76473577
    7.200   0.75155210
    7.400   0.73744574
    7.600   0.71981789
    7.800   0.69683363
    8.000   0.66761387
    8.200   0.63227463
    8.400   0.59183012
    8.600   0.54799024
    8.800   0.50289179
    9.000   0.45880469
    9.200   0.41785154
    9.400   0.38177206
    9.600   0.35175438
    9.800   0.32834493
   10.000   0.31143819
   10.200   0.30033883
   10.400   0.29388185
   10.600   0.29059169
   10.800   0.28885963
   11.000   0.28711887
   11.200   0.28399966
   11.400   0.27845028
   11.600   0.26981513
   11.800   0.25786602
   12.000   0.24278804
   12.200   0.22512565
   12.400   0.20569799
   12.600   0.18549449
   12.800   0.16556275
   13.000   0.14690024
   13.200   0.13035985
   13.400   0.11657718
   13.600   0.10592448
   13.800   0.09849343
   14.000   0.09410573
   14.200   0.09234829
   14.400   0.09262747
   14.600   0.09423584
   14.800   0.09642413
   15.000   0.09847138
   15.200   0.09974691
   15.400   0.09975920
   15.600   0.09818828
   15.800   0.09490013
   16.000   0.08994318
   16.200   0.08352887
   16.400   0.07599924
   16.600   0.06778554
   16.800   0.05936235
   17.000   0.05120167
   17.200   0.04373097
   17.400   0.03729866
   17.600   0.03214932
   17.800   0.02841012
   18.000   0.02608856
   18.200   0.02508088
   18.400   0.02518939
   18.600   0.02614655
   18.800   0.02764302
   19.000   0.02935700
   19.200   0.03098222
   19.400   0.03225217
   19.600   0.03295902
   19.800   0.03296587
   20.000   0.03221198
   20.200   0.03071113
   20.400   0.02854385
   20.600   0.02584474
   20.800   0.02278632
   21.000   0.01956121
   21.200   0.01636412
   21.400   0.01337538
   21.600   0.01074702
   21.800   0.00859259
   22.000   0.00698097
   22.200   0.00593450
   22.400   0.00543112
   22.600   0.00540999
   22.800   0.00577973
   23.000   0.00642847
   23.200   0.00723465
   23.400   0.00807755
   23.600   0.00884684
   23.800   0.00945038
   24.000   0.00981980
   24.200   0.00991364
   24.400   0.00971806
   24.600   0.00924518
   24.800   0.00852960
   25.000   0.00762339
   25.200   0.00659021
   25.400   0.00549906
   25.600   0.00441823
   25.800   0.00340995
   26.000   0.00252598
   26.200   0.00180453
   26.400   0.00126858
   26.600   0.00092546
   26.800   0.00076790
   27.000   0.00077591
   27.200   0.00091962
   27.400   0.00116256
   27.600   0.00146507
   27.800   0.00178767
   28.000   0.00209403
   28.200   0.00235339
   28.400   0.00254232
   28.600   0.00264568
   28.800   0.00265686
   29.000   0.00257737
   29.200   0.00241585
   29.400   0.00218654
   29.600   0.00190767
   29.800   0.00159955
   30.000   0.00128283
   30.200   0.00097690
   30.400   0.00069851
   30.600   0.00046085
   30.800   0.00027290
   31.000   0.00013925
   31.200   0.00006024
   31.400   0.00003238
   31.600   0.00004907
   31.800   0.00010142
   32.000   0.00017916
   32.200   0.00027152
   32.400   0.00036813
   32.600   0.00045962
   32.800   0.00053826
   33.000   0.00059827
   33.200   0.00063598
   33.400   0.00064987
   33.600   0.00064034
   33.800   0.00060949
   34.000   0.00056074
   34.200   0.00049840
   34.400   0.00042724
   34.600   0.00035214
   34.800   0.00027766
   35.000   0.00020784
   35.200   0.00014593
   35.400   0.00009428
   35.600   0.00005433
   35.800   0.00002658
   36.000   0.00001073
   36.200   0.00000578
   36.400   0.00001018
   36.600   0.00002203
   36.800   0.00003924
   37.000   0.00005968
   37.200   0.00008133
   37.400   0.00010237
   37.600   0.00012130
   37.800   0.00013695
   38.000   0.00014852
   38.200   0.00015556
   38.400   0.00015797
   38.600   0.00015594
   38.800   0.00014989
   39.000   0.00014041
   39.200   0.00012824
   39.400   0.00011416
   39.600   0.00009897
   39.800   0.00008344
   40.000   0.00006829
   40.200   0.00005412
   40.400   0.00004145
   40.600   0.00003065
   40.800   0.00002199
   41.000   0.00001562
   41.200   0.00001155
   41.400   0.00000970
   41.600   0.00000990
   41.800   0.00001190
   42.000   0.00001537
   42.200   0.00001995
   42.400   0.00002526
   42.600   0.00003090
   42.800   0.00003647
   43.000   0.00004161
   43.200   0.00004601
   43.400   0.00004940
   43.600   0.00005159
   43.800   0.00005246
   44.000   0.00005198
   44.200   0.00005019
   44.400   0.00004719
   44.600   0.00004318
   44.800   0.00003837
   45.000   0.00003305
   45.200   0.00002749
   45.400   0.00002198
   45.600   0.00001680
   45.800   0.00001220
   46.000   0.00000836
   46.200   0.00000544
   46.400   0.00000351
   46.600   0.00000260
   46.800   0.00000266
   47.000   0.00000360
   47.200   0.00000528
   47.400   0.00000750
   47.600   0.00001008
   47.800   0.00001279
   48.000   0.00001543
   48.200   0.00001781
   48.400   0.00001977
   48.600   0.00002118
   48.800   0.00002195
   49.000   0.00002206
   49.200   0.00002151
   49.400   0.00002034
   49.600   0.00001865
   49.800   0.00001655
   50.000   0.00001418
   50.200   0.00001168
   50.400   0.00000919
   50.600   0.00000685
   50.800   0.00000477
   51.000   0.00000306
   51.200   0.00000177
   51.400   0.00000094
   51.600   0.00000057
   51.800   0.00000063
   52.000   0.00000107
   52.200   0.00000182
   52.400   0.00000279
   52.600   0.00000389
   52.800   0.00000501
   53.000   0.00000609
   53.200   0.00000702
   53.400   0.00000777
   53.600   0.00000827
   53.800   0.00000851
   54.000   0.00000848
   54.200   0.00000819
   54.400   0.00000767
   54.600   0.00000697
   54.800   0.00000612
   55.000   0.00000519
   55.200   0.00000423
   55.400   0.00000330
   55.600   0.00000243
   55.800   0.00000168
   56.000   0.00000107
   56.200   0.00000061
   56.400   0.00000032
   56.600   0.00000020
   56.800   0.00000022
   57.000   0.00000038
   57.200   0.00000064
   57.400   0.00000098
   57.600   0.00000135
   57.800   0.00000174
   58.000   0.00000210
   58.200   0.00000242
   58.400   0.00000267
   58.600   0.00000283
   58.800   0.00000290
   59.000   0.00000289
   59.200   0.00000278
   59.400   0.00000260
   59.600   0.00000235
   59.800   0.00000207
   60.000   0.00000176
   60.200   0.00000144
   60.400   0.00000113
   60.600   0.00000085
   60.800   0.00000061
   61.000   0.00000041
   61.200   0.00000026
   61.400   0.00000017
   61.600   0.00000012
   61.800   0.00000011
   62.000   0.00000014
   62.200   0.00000020
   62.400   0.00000028
   62.600   0.00000037
   62.800   0.00000046
   63.000   0.00000055
   63.200   0.00000063
   63.400   0.00000069
   63.600   0.00000074
   63.800   0.00000076
   64.000   0.00000077
   64.200   0.00000076
   64.400   0.00000073
   64.600   0.00000068
   64.800   0.00000063
   65.000   0.00000056
   65.200   0.00000049
   65.400   0.00000041
   65.600   0.00000034
   65.800   0.00000028
   66.000   0.00000022
   66.200   0.00000017
   66.400   0.00000012
   66.600   0.00000009
   66.800   0.00000007
   67.000   0.00000006
   67.200   0.00000006
   67.400   0.00000006
   67.600   0.00000007
   67.800   0.00000008
   68.000   0.00000010
   68.200   0.00000011
   68.400   0.00000012
   68.600   0.00000014
   68.800   0.00000015
   69.000   0.00000016
   69.200   0.00000017
   69.400   0.00000018
   69.600   0.00000018
   69.800   0.00000019
   70.000   0.00000019
   70.200   0.00000019
   70.400   0.00000019
   70.600   0.00000019
   70.800   0.00000018
   71.000   0.00000017
   71.200   0.00000016
   71.400   0.00000014
   71.600   0.00000012
   71.800   0.00000010
   72.000   0.00000008
   72.200   0.00000006
   72.400   0.00000005
   72.600   0.00000003
   72.800   0.00000002
   73.000   0.00000001
   73.200   0.00000001
   73.400   0.00000001
   73.600   0.00000001
   73.800   0.00000002
   74.000   0.00000003
   74.200   0.00000004
   74.400   0.00000005
   74.600   0.00000006
   74.800   0.00000008
   75.000   0.00000009
   75.200   0.00000010
   75.400   0.00000010
   75.600   0.00000011
   75.800   0.00000011
   76.000   0.00000011
   76.200   0.00000010
   76.400   0.00000010
   76.600   0.00000009
   76.800   0.00000008
   77.000   0.00000007
   77.200   0.00000006
   77.400   0.00000005
   77.600   0.00000004
   77.800   0.00000003
   78.000   0.00000002
   78.200   0.00000001
   78.400   0.00000001
   78.600   0.00000001
   78.800   0.00000001
   79.000   0.00000001
   79.200   0.00000002
   79.400   0.00000003
   79.600   0.00000004
   79.800   0.00000005
   80.000   0.00000005
   80.200   0.00000006
   80.400   0.00000007
   80.600   0.00000007
   80.800   0.00000008
   81.000   0.00000008
   81.200   0.00000008
   81.400   0.00000008
   81.600   0.00000008
   81.800   0.00000008
   82.000   0.00000007
   82.200   0.00000007
   82.400   0.00000006
   82.600   0.00000006
   82.800   0.00000005
   83.000   0.00000005
   83.200   0.00000004
   83.400   0.00000004
   83.600   0.00000003
   83.800   0.00000003
   84.000   0.00000003
   84.200   0.00000003
   84.400   0.00000002
   84.600   0.00000002
   84.800   0.00000003
   85.000   0.00000003
   85.200   0.00000003
   85.400   0.00000003
   85.600   0.00000004
   85.800   0.00000005
   86.000   0.00000005
   86.200   0.00000006
   86.400   0.00000007
   86.600   0.00000007
   86.800   0.00000008
   87.000   0.00000009
   87.200   0.00000009
   87.400   0.00000009
   87.600   0.00000009
   87.800   0.00000009
   88.000   0.00000009
   88.200   0.00000008
   88.400   0.00000008
   88.600   0.00000007
   88.800   0.00000006
   89.000   0.00000005
   89.200   0.00000005
   89.400   0.00000004
   89.600   0.00000004
   89.800   0.00000004
   90.000   0.00000004
   90.200   0.00000004
   90.400   0.00000004
   90.600   0.00000005
   90.800   0.00000005
   91.000   0.00000006
   91.200   0.00000006
   91.400   0.00000007
   91.600   0.00000007
   91.800   0.00000008
   92.000   0.00000008
   92.200   0.00000008
   92.400   0.00000008
   92.600   0.00000007
   92.800   0.00000007
   93.000   0.00000006
   93.200   0.00000006
   93.400   0.00000005
   93.600   0.00000005
   93.800   0.00000004
   94.000   0.00000003
   94.200   0.00000003
   94.400   0.00000003
   94.600   0.00000002
   94.800   0.00000002
   95.000   0.00000002
   95.200   0.00000003
   95.400   0.00000003
   95.600   0.00000003
   95.800   0.00000004
   96.000   0.00000005
   96.200   0.00000005
   96.400   0.00000006
   96.600   0.00000007
   96.800   0.00000007
   97.000   0.00000008
   97.200   0.00000008
   97.400   0.00000009
   97.600   0.00000009
   97.800   0.00000009
   98.000   0.00000009
   98.200   0.00000008
   98.400   0.00000008
   98.600   0.00000007
   98.800   0.00000007
   99.000   0.00000006
   99.200   0.00000006
   99.400   0.00000005
   99.600   0.00000005
   99.800   0.00000005
  100.000   0.00000005
  100.200   0.00000005
  100.400   0.00000005
  100.600   0.00000005
  100.800   0.00000005
  101.000   0.00000006
  101.200   0.00000006
  101.400   0.00000006
  101.600   0.00000006
  101.800   0.00000006
  102.000   0.00000006
  102.200   0.00000006
  102.400   0.00000006
  102.600   0.00000005
  102.800   0.00000005
  103.000   0.00000005
  103.200   0.00000004
  103.400   0.00000004
  103.600   0.00000003
  103.800   0.00000003
  104.000   0.00000003
  104.200   0.00000003
  104.400   0.00000002
  104.600   0.00000002
  104.800   0.00000002
  105.000   0.00000002
  105.200   0.00000002
  105.400   0.00000002
  105.600   0.00000003
  105.800   0.00000003
  106.000   0.00000003
  106.200   0.00000004
  106.400   0.00000004
  106.600   0.00000005
  106.800   0.00000005
  107.000   0.00000005
  107.200   0.00000006
  107.400   0.00000006
  107.600   0.00000006
  107.800   0.00000007
  108.000   0.00000007
  108.200   0.00000007
  108.400   0.00000007
  108.600   0.00000007
  108.800   0.00000007
  109.000   0.00000007
  109.200   0.00000007
  109.400   0.00000006
  109.600   0.00000006
  109.800   0.00000006
  110.000   0.00000006
  110.200   0.00000006
  110.400   0.00000006
  110.600   0.00000006
  110.800   0.00000006
  111.000   0.00000006
  111.200   0.00000006
  111.400   0.00000006
  111.600   0.00000006
  111.800   0.00000006
  112.000   0.00000006
  112.200   0.00000006
  112.400   0.00000006
  112.600   0.00000006
  112.800   0.00000005
  113.000   0.00000005
  113.200   0.00000005
  113.400   0.00000004
  113.600   0.00000004
  113.800   0.00000004
  114.000   0.00000003
  114.200   0.00000003
  114.400   0.00000003
  114.600   0.00000002
  114.800   0.00000002
  115.000   0.00000002
  115.200   0.00000002
  115.400   0.00000002
  115.600   0.00000002
  115.800   0.00000001
  116.000   0.00000001
  116.200   0.00000001
  116.400   0.00000001
  116.600   0.00000002
  116.800   0.00000002
  117.000   0.00000002
  117.200   0.00000002
  117.400   0.00000002
  117.600   0.00000002
  117.800   0.00000003
  118.000   0.00000003
  118.200   0.00000003
  118.400   0.00000004
  118.600   0.00000004
  118.800   0.00000004
  119.000   0.00000005
  119.200   0.00000005
  119.400   0.00000005
  119.600   0.00000005
  119.800   0.00000005
  120.000   0.00000005
  120.200   0.00000005
  120.400   0.00000006
  120.600   0.00000006
  120.800   0.00000006
  121.000   0.00000006
  121.200   0.00000006
  121.400   0.00000006
  121.600   0.00000006
  121.800   0.00000006
  122.000   0.00000007
  122.200   0.00000007
  122.400   0.00000007
  122.600   0.00000007
  122.800   0.00000007
  123.000   0.00000007
  123.200   0.00000007
  123.400   0.00000007
  123.600   0.00000007
  123.800   0.00000007
  124.000   0.00000007
  124.200   0.00000007
  124.400   0.00000007
  124.600   0.00000007
  124.800   0.00000007
  125.000   0.00000006
  125.200   0.00000006
  125.400   0.00000006
  125.600   0.00000005
  125.800   0.00000005
  126.000   0.00000005
  126.200   0.00000004
  126.400   0.00000004
  126.600   0.00000004
  126.800   0.00000003
  127.000   0.00000003
  127.200   0.00000003
  127.400   0.00000003
  127.600   0.00000002
  127.800   0.00000002
  128.000   0.00000002
  128.200   0.00000002
  128.400   0.00000002
  128.600   0.00000002
  128.800   0.00000001
  129.000   0.00000001
  129.200   0.00000001
  129.400   0.00000001
  129.600   0.00000001
  129.800   0.00000001
  130.000   0.00000001
  130.200   0.00000001
  130.400   0.00000001
  130.600   0.00000001
  130.800   0.00000001
  131.000   0.00000001
  131.200   0.00000001
  131.400   0.00000001
  131.600   0.00000001
  131.800   0.00000001
  132.000   0.00000001
  132.200   0.00000001
  132.400   0.00000002
  132.600   0.00000002
  132.800   0.00000002
  133.000   0.00000002
  133.200   0.00000002
  133.400   0.00000003
  133.600   0.00000003
  133.800   0.00000003
  134.000   0.00000003
  134.200   0.00000003
  134.400   0.00000004
  134.600   0.00000004
  134.800   0.00000004
  135.000   0.00000005
  135.200   0.00000005
  135.400   0.00000005
  135.600   0.00000006
  135.800   0.00000006
  136.000   0.00000006
  136.200   0.00000007
  136.400   0.00000007
  136.600   0.00000007
  136.800   0.00000007
  137.000   0.00000007
  137.200   0.00000008
  137.400   0.00000008
  137.600   0.00000008
  137.800   0.00000008
  138.000   0.00000008
  138.200   0.00000008
  138.400   0.00000008
  138.600   0.00000009
  138.800   0.00000009
  139.000   0.00000009
  139.200   0.00000009
  139.400   0.00000009
  139.600   0.00000009
  139.800   0.00000009
  140.000   0.00000008
  140.200   0.00000008
  140.400   0.00000008
  140.600   0.00000008
  140.800   0.00000008
  141.000   0.00000008
  141.200   0.00000008
  141.400   0.00000008
  141.600   0.00000008
  141.800   0.00000008
  142.000   0.00000007
  142.200   0.00000007
  142.400   0.00000007
  142.600   0.00000007
  142.800   0.00000007
  143.000   0.00000007
  143.200   0.00000006
  143.400   0.00000006
  143.600   0.00000006
  143.800   0.00000006
  144.000   0.00000005
  144.200   0.00000005
  144.400   0.00000005
  144.600   0.00000004
  144.800   0.00000004
  145.000   0.00000004
  145.200   0.00000004
  145.400   0.00000003
  145.600   0.00000003
  145.800   0.00000003
  146.000   0.00000003
  146.200   0.00000003
  146.400   0.00000002
  146.600   0.00000002
  146.800   0.00000002
  147.000   0.00000002
  147.200   0.00000002
  147.400   0.00000001
  147.600   0.00000001
  147.800   0.00000001
  148.000   0.00000001
  148.200   0.00000001
  148.400   0.00000001
  148.600   0.00000001
  148.800   0.00000001
  149.000   0.00000000
  149.200   0.00000000
  149.400   0.00000000
  149.600   0.00000000
  149.800   0.00000000
  150.000   0.00000000
  150.200   0.00000000
  150.400   0.00000000
  150.600   0.00000000
  150.800   0.00000000
  151.000   0.00000000
  151.200   0.00000000
  151.400   0.00000000
  151.600   0.00000000
  151.800   0.00000000
  152.000   0.00000000
  152.200   0.00000000
  152.400   0.00000000
  152.600   0.00000000
  152.800   0.00000001
  153.000   0.00000001
  153.200   0.00000001
  153.400   0.00000001
  153.600   0.00000001
  153.800   0.00000001
  154.000   0.00000001
  154.200   0.00000001
  154.400   0.00000002
  154.600   0.00000002
  154.800   0.00000002
  155.000   0.00000002
  155.200   0.00000002
  155.400   0.00000002
  155.600   0.00000003
  155.800   0.00000003
  156.000   0.00000003
  156.200   0.00000003
  156.400   0.00000003
  156.600   0.00000003
  156.800   0.00000004
  157.000   0.00000004
  157.200   0.00000004
  157.400   0.00000004
  157.600   0.00000004
  157.800   0.00000005
  158.000   0.00000005
  158.200   0.00000005
  158.400   0.00000005
  158.600   0.00000005
  158.800   0.00000005
  159.000   0.00000006
  159.200   0.00000006
  159.400   0.00000006
  159.600   0.00000006
  159.800   0.00000006
  160.000   0.00000006
  160.200   0.00000007
  160.400   0.00000007
  160.600   0.00000007
  160.800   0.00000007
  161.000   0.00000007
  161.200   0.00000008
  161.400   0.00000008
  161.600   0.00000008
  161.800   0.00000008
  162.000   0.00000008
  162.200   0.00000008
  162.400   0.00000008
  162.600   0.00000008
  162.800   0.00000008
  163.000   0.00000008
  163.200   0.00000008
  163.400   0.00000009
  163.600   0.00000009
  163.800   0.00000009
  164.000   0.00000009
  164.200   0.00000009
  164.400   0.00000009
  164.600   0.00000010
  164.800   0.00000010
  165.000   0.00000010
  165.200   0.00000010
  165.400   0.00000010
  165.600   0.00000010
  165.800   0.00000010
  166.000   0.00000010
  166.200   0.00000010
  166.400   0.00000010
  166.600   0.00000010
  166.800   0.00000010
  167.000   0.00000010
  167.200   0.00000010
  167.400   0.00000010
  167.600   0.00000010
  167.800   0.00000010
  168.000   0.00000010
  168.200   0.00000011
  168.400   0.00000011
  168.600   0.00000011
  168.800   0.00000011
  169.000   0.00000011
  169.200   0.00000011
  169.400   0.00000011
  169.600   0.00000011
  169.800   0.00000011
  170.000   0.00000011
  170.200   0.00000011
  170.400   0.00000011
  170.600   0.00000011
  170.800   0.00000011
  171.000   0.00000011
  171.200   0.00000011
  171.400   0.00000011
  171.600   0.00000011
  171.800   0.00000011
  172.000   0.00000011
  172.200   0.00000011
  172.400   0.00000011
  172.600   0.00000011
  172.800   0.00000011
  173.000   0.00000011
  173.200   0.00000011
  173.400   0.00000011
  173.600   0.00000011
  173.800   0.00000011
  174.000   0.00000011
  174.200   0.00000011
  174.400   0.00000011
  174.600   0.00000011
  174.800   0.00000011
  175.000   0.00000011
  175.200   0.00000011
  175.400   0.00000011
  175.600   0.00000011
  175.800   0.00000011
  176.000   0.00000011
  176.200   0.00000011
  176.400   0.00000011
  176.600   0.00000011
  176.800   0.00000011
  177.000   0.00000011
  177.200   0.00000011
  177.400   0.00000011
  177.600   0.00000011
  177.800   0.00000011
  178.000   0.00000011
  178.200   0.00000011
  178.400   0.00000011
  178.600   0.00000011
  178.800   0.00000011
  179.000   0.00000011
  179.200   0.00000011
  179.400   0.00000010
  179.600   0.00000010
  179.800   0.00000010
  180.000   0.00000010
