  0.000000000000000E+000   18.3962724255254     
  0.100000000000000        18.3939863150154     
  0.200000000000000        18.3870709136955     
  0.300000000000000        18.3755270913096     
  0.400000000000000        18.3593558629416     
  0.500000000000000        18.3385584132963     
  0.600000000000000        18.3131361250350     
  0.700000000000000        18.2830906118408     
  0.800000000000000        18.2484237570030     
  0.900000000000000        18.2091377584400     
   1.00000000000000        18.1652351812331     
   1.10000000000000        18.1167190189206     
   1.20000000000000        18.0635927650110     
   1.30000000000000        18.0058604964111     
   1.40000000000000        17.9435269707500     
   1.50000000000000        17.8765977399008     
   1.60000000000000        17.8050792823853     
   1.70000000000000        17.7289791577819     
   1.80000000000000        17.6483061867709     
   1.90000000000000        17.5630706610388     
   2.00000000000000        17.4732845879481     
   2.10000000000000        17.3789619756687     
   2.20000000000000        17.2801191653765     
   2.30000000000000        17.1767752181740     
   2.40000000000000        17.0689523655883     
   2.50000000000000        16.9566765338803     
   2.60000000000000        16.8399779539648     
   2.70000000000000        16.7188918705239     
   2.80000000000000        16.5934593659038     
   2.90000000000000        16.4637283166361     
   3.00000000000000        16.3297545029297     
   3.10000000000000        16.1916028942286     
   3.20000000000000        16.0493491369140     
   3.30000000000000        15.9030812734016     
   3.40000000000000        15.7529017251761     
   3.50000000000000        15.5989295755890     
   3.60000000000000        15.4413031913404     
   3.70000000000000        15.2801832241949     
   3.80000000000000        15.1157560362381     
   3.90000000000000        14.9482375923130     
   4.00000000000000        14.7778778614045     
   4.10000000000000        14.6049657636081     
   4.20000000000000        14.4298346895447     
   4.30000000000000        14.2528686028185     
   4.40000000000000        14.0745087110363     
   4.50000000000000        13.8952606540766     
   4.60000000000000        13.7157021061632     
   4.70000000000000        13.5364906167037     
   4.80000000000000        13.3583714191792     
   4.90000000000000        13.1821848129115     
   5.00000000000000        13.0088725651360     
   5.10000000000000        12.8394825880420     
   5.20000000000000        12.6751709183021     
   5.30000000000000        12.5171997721005     
   5.40000000000000        12.3669301830832     
   5.50000000000000        12.2258074837176     
   5.60000000000000        12.0953377096411     
   5.70000000000000        11.9770529601144     
   5.80000000000000        11.8724639256197     
   5.90000000000000        11.7829983022298     
   6.00000000000000        11.7099247596703     
   6.10000000000000        11.6542635988304     
   6.20000000000000        11.6166872417991     
   6.30000000000000        11.5974161442166     
   6.40000000000000        11.5961721281306     
   6.50000000000000        11.6199604597869     
   6.60000000000000        11.6725300013994     
   6.70000000000000        11.7510962839665     
   6.80000000000000        11.8522037187807     
   6.90000000000000        11.9718035115895     
   7.00000000000000        12.1053842418983     
   7.10000000000000        12.2481469682686     
   7.20000000000000        12.3952099692571     
   7.30000000000000        12.5418234620059     
   7.40000000000000        12.6835730011588     
   7.50000000000000        12.8165521570057     
   7.60000000000000        12.9374900337122     
   7.70000000000000        13.0438260301166     
   7.80000000000000        13.1337314539026     
   7.90000000000000        13.2060837869966     
   8.00000000000000        13.2604036451715     
   8.10000000000000        13.2967664595724     
   8.20000000000000        13.3157008463310     
   8.30000000000000        13.3180840732728     
   8.40000000000000        13.3050426431962     
   8.50000000000000        13.2778633900354     
   8.60000000000000        13.2379180633904     
   8.70000000000000        13.1866024078198     
   8.80000000000000        13.1252893147282     
   8.90000000000000        13.0552947132103     
   9.00000000000000        12.9778543859360     
   9.10000000000000        12.8941097383994     
   9.20000000000000        12.8051006091781     
   9.30000000000000        12.7117633968203     
   9.40000000000000        12.6149330287876     
   9.50000000000000        12.5153475635859     
   9.60000000000000        12.4136544702463     
   9.70000000000000        12.3104178541637     
   9.80000000000000        12.2061260885328     
   9.90000000000000        12.1011994655610     
   10.0000000000000        11.9959976038960     
   10.1000000000000        11.8908264425093     
   10.2000000000000        11.7859447213482     
   10.3000000000000        11.6815698999911     
   10.4000000000000        11.5778835014444     
   10.5000000000000        11.4750358926012     
   10.6000000000000        11.3731505286359     
   10.7000000000000        11.2723276980255     
   10.8000000000000        11.1726478097693     
   10.9000000000000        11.0741742660864     
   11.0000000000000        10.9769559634433     
   11.1000000000000        10.8810294629462     
   11.2000000000000        10.7864208684858     
   11.3000000000000        10.6931474479291     
   11.4000000000000        10.6012190293792     
   11.5000000000000        10.5106392012605     
   11.6000000000000        10.4214063418438     
   11.7000000000000        10.3335145008736     
   11.8000000000000        10.2469541532437     
   11.9000000000000        10.1617128421964     
   12.0000000000000        10.0777757272984     
   12.1000000000000        9.99512605046991     
   12.2000000000000        9.91374553158620     
   12.3000000000000        9.83361470363212     
   12.4000000000000        9.75471319603282     
   12.5000000000000        9.67701997360469     
   12.6000000000000        9.60051353754053     
   12.7000000000000        9.52517209395010     
   12.8000000000000        9.45097369470251     
   12.9000000000000        9.37789635464776     
   13.0000000000000        9.30591814871639     
   13.1000000000000        9.23501729189758     
   13.2000000000000        9.16517220466677     
   13.3000000000000        9.09636156606416     
   13.4000000000000        9.02856435630787     
   13.5000000000000        8.96175989055260     
   13.6000000000000        8.89592784517037     
   13.7000000000000        8.83104827772897     
   13.8000000000000        8.76710164167119     
   13.9000000000000        8.70406879655061     
   14.0000000000000        8.64193101455282     
   14.1000000000000        8.58066998392283     
   14.2000000000000        8.52026780982669     
   14.3000000000000        8.46070701309600     
   14.4000000000000        8.40197052723629     
   14.5000000000000        8.34404169402213     
   14.6000000000000        8.28690425795247     
   14.7000000000000        8.23054235979736     
   14.8000000000000        8.17494052943117     
   14.9000000000000        8.12008367811658     
   15.0000000000000        8.06595709037746     
